# Result

dataSet:

[[0, 0, 0, 2, 2], [0, 0, 0, 3, 3], [0, 0, 0, 1, 1], [1, 1, 1, 0, 0], [2, 2, 2, 0, 0], [5, 5, 5, 0, 0], [1, 1, 1, 0, 0]]

U:

[[-2.22044605e-16  5.34522484e-01  8.41641151e-01 -1.37443101e-02
  -7.57428665e-02 -1.11022302e-16  1.38777878e-17]
 [ 0.00000000e+00  8.01783726e-01 -4.92426901e-01 -2.47257115e-01
   2.31349353e-01  3.15719673e-16 -2.77555756e-17]
 [ 0.00000000e+00  2.67261242e-01 -2.06001597e-01  7.69259966e-01
  -5.42562325e-01 -7.55450741e-16  1.09551769e-16]
 [-1.79605302e-01  2.77555756e-17 -3.00520660e-02 -2.15935735e-01
  -2.94749442e-01  9.05439185e-01 -1.16246358e-01]
 [-3.59210604e-01  5.55111512e-17 -6.01041319e-02 -4.31871470e-01
  -5.89498885e-01 -4.19124526e-01 -3.97074256e-01]
 [-8.98026510e-01  0.00000000e+00  3.60624791e-02  2.59122882e-01
   3.53699331e-01  5.40010673e-16 -6.71525577e-17]
 [-1.79605302e-01  2.77555756e-17 -3.00520660e-02 -2.15935735e-01
  -2.94749442e-01 -6.71901321e-02  9.10394870e-01]]

Sigma:

[9.64365076e+00 5.29150262e+00 8.36478329e-16 6.91811207e-17
 1.11917251e-33]

VT:

[[-5.77350269e-01 -5.77350269e-01 -5.77350269e-01  0.00000000e+00
   0.00000000e+00]
 [-2.46566547e-16  1.23283273e-16  1.23283273e-16  7.07106781e-01
   7.07106781e-01]
 [-7.01908483e-01 -1.02844064e-02  7.12192890e-01 -2.22044605e-16
  -1.66533454e-16]
 [-4.17122461e-01  8.16431808e-01 -3.99309347e-01  0.00000000e+00
  -1.11022302e-16]
 [-0.00000000e+00 -1.96261557e-16  1.96261557e-16  7.07106781e-01
  -7.07106781e-01]]

U[:,:3] * Sig3 * VT[:3,:]:

[[ 4.47427211e-17  1.57774942e-15  2.08638397e-15  2.00000000e+00
   2.00000000e+00]
 [-7.56974048e-16  5.27282824e-16  2.29691224e-16  3.00000000e+00
   3.00000000e+00]
 [-2.27747782e-16  1.76121044e-16  5.16267387e-17  1.00000000e+00
   1.00000000e+00]
 [ 1.00000000e+00  1.00000000e+00  1.00000000e+00  1.03851855e-16
   1.03851855e-16]
 [ 2.00000000e+00  2.00000000e+00  2.00000000e+00  2.07703709e-16
   2.07703709e-16]
 [ 5.00000000e+00  5.00000000e+00  5.00000000e+00 -6.69808260e-33
  -5.02356195e-33]
 [ 1.00000000e+00  1.00000000e+00  1.00000000e+00  1.03851855e-16
   1.03851855e-16]]
